318
59
453
7
491
181
479
105
215
485
29
327
108
123
95
88
22
213
212
243
76
475
219
8
280
415
140
261
445
388
485
477
227
256
432
484
311
313
265
365
70
311
192
110
365
497
46
469
139
34
379
185
330
469
331
349
156
133
421
257
496
5
400
166
16
300
279
320
140
170
305
429
383
369
425
104
108
173
312
149
148
227
111
222
159
93
192
338
433
4
8
471
236
425
419
65
416
420
170
428
243
438
415
344
382
114
185
23
360
92
86
37
48
400
337
21
65
18
134
406
376
50
324
240
34
409
190
366
371
223
314
55
355
259
333
473
322
83
14
236
93
150
181
393
427
373
323
6
44
177
270
255
468
71
267
426
197
159
200
229
109
390
72
60
341
169
372
40
473
225
477
197
258
43
426
298
83
267
268
144
240
11
239
108
387
391
290
198
127
181
223
428
435
464
117
348
436
499
94
480
137
214
351
359
72
1
353
259
449
144
243
277
378
218
487
227
174
246
120
461
217
470
220
154
153
393
113
39
72
447
54
27
250
359
125
303
368
308
213
416
257
337
327
431
65
364
159
476
205
16
196
346
275
425
205
263
39
298
311
161
304
411
500
304
120
262
389
178
315
435
144
410
241
65
417
157
65
499
479
181
417
63
176
166
56
367
450
64
109
190
88
225
149
389
217
287
67
449
423
238
205
406
87
479
116
97
446
486
487
435
182
284
179
479
402
3
396
294
282
367
190
94
32
267
412
132
98
256
171
204
94
435
444
351
298
45
9
455
369
292
154
27
321
492
216
471
208
412
440
393
115
247
190
323
443
484
103
444
141
375
347
271
263
312
223
397
297
353
170
241
312
386
242
391
285
295
15
412
204
56
190
131
374
40
31
8
206
157
271
296
179
120
311
351
81
177
313
134
56
147
249
443
55
30
177
474
24
4
208
275
363
375
169
241
379
75
262
38
455
401
283
100
448
177
492
183
478
201
484
17
28
102
408
480
48
349
36
103
326
381
298
114
156
107
403
499
137
417
430
242
323
347
276
236
246
487
279
288
14
23
484
228
423
323
90
229
375
146
482
296
86
371
346
226
391
141
487
319
369
238
247
383
349
113
231
304
449
236
310
41
181
468
486
93
480
458
388
98
285
304
